3000
8483.771043 1574.499761
5541.754889 2085.422148
551.980324 7168.305622
5558.765929 5856.939208
7879.793922 454.351711
1834.439529 1218.538611
2243.701011 438.258681
4273.163781 9742.958657
8239.681687 4433.336600
1600.205601 9048.693119
4328.686886 5598.773591
2185.106795 9882.498253
8248.595893 3151.120880
3913.039613 2719.957113
4510.315934 4369.628525
2392.811115 2994.086972
5944.128286 7934.566004
5079.509120 6496.108615
5102.871626 638.275044
2353.047818 2982.665544
1092.626756 4187.487347
4201.204159 3336.327767
4625.746033 8474.367940
3079.286424 2865.427715
2907.704535 4679.492025
1914.120830 7236.391421
278.265611 4099.227625
7118.889669 8526.861504
7250.348505 1031.929278
1246.818612 1760.664434
5401.557808 3639.629727
4754.751406 1345.686089
1574.195727 9834.260526
7841.794704 6677.067353
472.535566 194.842517
9659.732901 1565.162321
4382.329869 3860.937056
4901.490093 9008.075902
2335.304991 7980.776517
1873.503612 5243.009527
2660.268537 3787.624442
2479.400948 2938.534148
7886.852067 9598.290617
1465.395648 5137.200567
630.219896 2712.214260
6897.865006 6031.777703
6351.843987 1652.616408
7377.463792 7926.039713
1486.876934 5219.258496
4603.107066 1959.412499
5414.101014 4262.839963
3524.574825 9796.430883
8123.777019 8426.064918
8804.506780 459.082006
6406.841430 678.010388
5702.091533 9067.109967
4465.634830 8181.492481
2005.644111 2352.486892
7779.783098 3471.039759
7489.687464 8410.002994
6183.254019 4387.552465
4441.780692 2535.098001
6040.168873 1819.244480
461.137709 7527.045807
7038.502976 5064.244776
9486.458311 2452.603989
9327.084738 3011.033131
2249.034868 7450.861753
1437.098045 1053.541648
7909.943758 7843.939475
1731.552035 3612.035291
6911.049437 6197.186870
1793.527767 8916.693548
8549.673761 9573.310865
2387.733302 6039.361221
7983.313854 8570.987321
426.913682 2425.094541
1106.085317 6467.082559
4244.339026 1567.223026
3994.128361 1282.841997
6631.467806 3480.586667
3735.445986 5958.552540
6491.619799 5984.480859
3409.414293 7928.717843
7038.022507 1319.358047
5772.657313 8769.574542
4931.393338 2683.706746
4966.761407 6724.921109
1600.400289 3516.435168
6298.231970 3988.133592
9555.796389 4281.545824
2559.120908 9982.710076
6706.640365 3665.206225
6449.792630 950.979386
5232.429255 443.920987
2233.821388 1863.897057
3924.507659 5969.267374
7822.449597 416.127453
1953.748228 1231.863886
8344.845301 8991.770735
2551.221937 4117.502609
7761.345276 7482.615275
6801.209360 2728.106679
4207.536380 8401.609649
6244.541847 505.768350
2389.743241 5800.338237
4787.314173 4948.864148
5783.048307 1493.954533
8614.070378 2232.840933
2444.933924 3846.499628
2676.761920 4678.755312
5710.396686 6601.269579
648.022681 3532.846278
7017.397036 2601.770914
4764.710169 5362.242332
1593.541643 7315.932106
9479.744942 9354.886920
4798.547376 6280.954297
2082.993599 9006.083761
4682.563946 8327.535446
9511.852111 7072.307187
4127.873678 4299.166279
2021.171330 9910.921985
5793.120813 635.241703
2143.762914 8238.054737
4481.741332 4820.524838
2916.810044 192.138013
1421.794412 3564.832729
3724.984296 8439.191449
6166.603643 8489.694464
3801.433776 7760.145286
5805.626565 3281.178718
7115.032206 604.173937
9562.133015 9198.025805
9610.257698 4244.696956
7525.561246 9122.109804
1317.004138 1653.434924
3421.276078 3338.175473
1564.356904 9214.396895
3973.417177 3708.119823
7452.451627 8455.158513
8528.644661 369.261671
8647.296526 9950.439073
3934.094400 2372.280817
8389.630522 100.698038
861.975276 2191.064294
7860.843324 6667.601842
5472.243012 4975.875525
7271.775784 5034.376027
4173.901325 6882.033477
9279.072983 1699.462571
6004.143281 596.077121
3352.897495 9425.419359
3934.252595 4917.254399
8639.816250 7907.669771
8625.374222 6092.267877
6362.828280 7154.018878
6461.529548 5010.124806
7104.457951 395.623944
7382.405623 5494.088468
496.321982 8244.380904
7685.152761 8357.165306
4911.982741 3157.395773
3333.040831 2183.758520
8191.771800 7506.942156
9065.792001 7470.844778
9206.404728 5069.935278
8066.921899 2559.302218
4495.354632 2001.174489
7476.556621 3135.170882
9908.844265 6101.930838
9227.438760 6271.672540
3255.949716 5688.968303
1281.797342 360.407662
6084.592247 8664.202969
5854.496130 6580.914229
6908.583868 3539.648887
4938.079531 1820.566604
6697.044660 8271.120362
4004.325128 4888.816455
5778.062519 3070.117125
2359.661233 4984.467241
8140.052402 426.583127
7543.769464 2635.407030
2427.757621 5020.326080
5770.577912 2336.601881
1122.256914 4998.016667
8608.274422 4378.206629
686.984966 9890.071768
4738.614291 6771.577213
8554.274733 593.110416
3352.491438 5462.858596
4132.759308 8290.570974
7283.425199 829.803963
6561.691331 1287.750323
5718.620422 2339.753845
4357.867448 8078.281655
7324.221091 2497.919846
8504.864782 4867.990550
5133.326880 932.622399
9888.316630 903.904788
3269.224280 1010.573539
5901.921459 1877.498702
5388.780174 6588.906425
1767.570466 127.394460
3360.483639 321.845194
720.504881 6712.975077
5784.703789 4853.264189
5003.546046 3068.128984
5683.068151 1565.237377
4355.879312 1401.688569
3904.991222 8713.746759
9479.970224 1229.212308
1211.666605 7984.835006
6097.202858 6344.993485
8917.457405 5985.519484
7248.898273 2186.681685
6996.093028 3150.819728
4064.180387 2384.873197
9739.726158 5831.750853
2512.267657 3100.209792
6153.596046 3232.772538
9813.184868 1938.299831
8086.036727 4816.730914
5006.428815 3769.104878
6381.968291 9362.308127
5170.793447 286.959508
8076.054886 4650.763671
1516.171820 9287.721491
2635.598673 7613.374678
5632.714972 1553.056073
3598.894162 2881.613240
3739.737758 594.987185
6032.432972 7803.918146
2979.860382 5772.159126
3635.668994 5492.128039
8872.368917 9789.265040
8724.900581 8685.553781
1727.564867 6810.937303
3502.284691 6733.993686
580.042177 9884.252981
6096.301808 5750.835629
171.212489 4172.356689
401.599296 1687.384309
3460.078176 3037.197968
9300.758987 9092.793148
4590.254042 2899.653145
1974.406388 8329.991805
3494.640330 8006.839360
6133.909945 6474.500711
3778.998481 9769.578944
1966.628750 2651.367394
9558.843979 691.529326
1336.921170 1286.408846
7502.466630 4839.205865
8020.402532 8082.508812
4723.458842 4116.704335
3833.344436 4894.671331
8289.061030 4234.943732
6582.055640 1749.139201
7272.141700 5882.814627
841.932348 1862.395737
8782.467772 2816.338736
192.387537 2277.108101
823.178091 6326.297487
8751.608813 4602.176572
6095.876426 718.237558
7253.543966 5654.720401
1409.766884 8590.465136
6941.129247 8912.233519
3429.670997 4961.531775
6994.742326 8153.129843
9078.236115 828.086757
3047.801169 7367.297140
5063.030489 9629.856814
9116.436340 2335.172185
5512.671436 9958.368689
4197.567922 4295.139203
2774.707420 4389.955464
6572.247304 3597.885512
716.252947 5323.856117
8200.062084 6812.129373
6042.093675 5453.606046
2466.849770 7451.860564
4044.071182 9407.979022
6364.094078 7473.742178
4369.510791 3358.836399
5626.872017 3447.746902
4186.923157 8674.673191
815.044037 9249.953646
8304.530000 9931.480382
1585.125826 3817.201431
9889.849066 5782.693748
8112.340634 2664.556486
172.649208 4684.587938
6262.441998 888.902154
8.444050 4462.504082
7701.031527 6050.537725
9916.110127 167.881297
3502.398284 3960.181304
9575.860319 9866.492362
1433.923483 3945.371105
3225.328756 7060.795500
7393.118011 7412.251913
5735.468686 8208.162048
6662.205554 4039.998680
8139.642425 8247.331380
7857.200111 8029.491491
4030.025128 5969.540745
694.047972 4202.674336
654.128678 6956.489969
5091.576495 662.572729
1418.994046 2792.608017
6713.110454 1335.104174
2960.489314 215.508738
5295.285478 2536.349628
82.001095 6729.208961
6481.720738 3307.329856
3790.004460 3874.838745
719.581764 9525.473146
2083.000789 7381.787322
3565.471826 222.643213
5629.118698 1422.671932
8252.134704 9659.143826
7392.212677 8946.182676
3861.818162 8046.341356
5902.672641 8953.394657
8708.914085 7321.666692
1746.002669 5422.024538
8656.770866 4706.491988
5637.533276 3952.056339
7242.841617 5719.534371
681.265300 3724.562351
9026.864226 4471.269760
7599.401096 9746.445995
3996.742900 9682.401889
7128.233312 7562.214726
9905.045102 2757.352005
8984.886663 8157.179802
2416.495831 6377.099336
7103.362473 6278.313993
4423.440692 3006.035110
5231.708645 3132.354772
327.701797 6977.711314
8554.379311 8984.472663
1684.203298 4191.912582
2936.529002 8927.044919
9911.446958 3617.794301
2651.607265 8938.311180
8089.064061 251.008361
8684.757170 2085.806957
9933.410250 5812.990477
9648.021688 9838.455347
8570.342487 8632.908346
7995.635144 986.838313
5010.007678 5098.997613
7265.152306 9433.448370
8105.032723 2496.860946
2565.803143 8432.734524
9474.572260 1120.182449
7417.207182 1158.775557
5312.095035 353.736179
85.820472 5223.541989
3971.530480 2737.427737
4161.853164 2060.594536
2988.436098 2846.610333
4146.401498 2921.846343
8659.600810 3794.423181
2760.301685 7229.943293
2427.331522 755.936825
8216.781606 7437.339200
5854.934438 5481.933907
6870.787571 3959.967161
7978.794853 9436.590713
2392.701680 7453.367113
556.773157 9809.908862
8612.142670 5868.868193
163.645041 8697.963142
1092.410177 4135.175522
1435.390874 5254.263345
6195.770063 4423.826977
8100.873678 342.171556
7345.673320 6760.474484
4136.594736 105.975005
3990.417777 6563.926258
861.911830 2207.199378
4001.265454 6716.846273
7689.133290 872.053020
676.813429 5667.928139
308.643729 3069.515109
3121.295247 865.416890
2879.423966 1733.437912
6734.285083 3043.069007
431.401050 7826.695264
7178.244534 1866.791929
3080.958604 3374.014592
6290.618906 1181.832278
3716.186147 3636.292221
7942.306762 7852.780883
3742.267226 1932.724534
4416.707137 4604.179060
4139.923916 8417.972591
1321.025328 1829.057202
9290.025616 1997.838757
7496.985340 9598.669344
5067.353866 618.280587
464.086230 7946.777832
2351.718499 7198.371318
989.846839 2783.119554
5025.066577 8168.091373
4649.911483 8106.025182
1542.105960 940.530384
9287.857460 5258.292107
4576.822605 7230.164216
3111.072985 8319.089836
9162.888755 7527.780122
2923.268891 3302.812666
5945.752708 4244.294220
5131.869868 5235.778319
6242.132977 2628.855204
4834.447664 1309.486838
3247.135791 5298.533894
9256.264669 5598.854295
2496.905207 246.111504
8381.973849 7521.971784
8414.202877 3031.885327
5627.996961 9956.308836
3972.415712 4915.854416
5214.600938 8549.238317
2146.018633 8325.673923
6868.328148 1308.907383
5853.454040 9791.597039
4611.720049 1799.206749
4035.891254 9743.589917
7034.985068 278.024227
2372.445116 1869.432727
1587.511064 5619.580911
7167.966625 843.775734
1218.435201 9664.871832
1089.887238 9600.409050
7186.843617 9504.090119
2632.294373 2814.840573
9460.398950 6604.710085
7730.694994 4674.999888
5153.948397 9876.713627
3000.673807 2022.276545
1185.621005 8854.127852
1813.873580 5797.341054
653.334596 5849.764839
5540.930967 7688.319663
6127.789065 7913.376083
9557.752395 7715.300134
3532.956989 6725.719015
8559.075868 4751.392191
6390.590843 9648.963106
4351.801236 3577.434455
9153.053220 6984.095609
6392.275033 8613.452170
3588.805689 4122.970022
3288.452054 8742.754091
3999.683645 6289.125861
765.030631 5185.304650
5143.253708 2578.904211
982.645699 5796.588303
8428.669050 6523.576666
3484.907967 4556.458115
4436.952744 3042.660357
2271.758244 7969.909738
9768.379372 830.834108
2721.301924 6158.970211
479.797209 7073.103165
9736.404670 9632.850434
4057.198769 6128.679698
8246.302599 7646.004463
251.649716 1534.754649
6388.758550 4251.333361
7823.880509 7153.789181
9436.638010 2967.134217
9732.693392 419.283705
8763.722521 8161.362441
6942.860371 2248.630483
2717.820552 1379.813110
5291.290840 4989.578796
9349.722848 5059.670208
5820.412904 2071.024772
1218.640418 6300.210113
9144.127937 955.045084
5933.060542 3201.326701
7083.724782 4179.363136
847.331160 7335.374498
5714.117785 7236.089710
1586.707854 3537.998294
4389.878886 1023.345860
6505.132511 4122.572278
1442.629565 5268.855028
2283.934714 8385.489936
7517.485515 5001.755266
9765.303046 2808.776350
9991.334062 9115.025894
7868.446562 5811.746961
1186.050661 9087.086981
2111.957070 330.178593
42.132060 8045.017616
3531.505295 7125.856842
2224.380748 4378.836460
4461.231336 7938.498537
1614.926165 6047.939191
1476.496827 6004.805055
7071.285051 7981.629338
127.377329 8513.914616
3250.484361 2411.312043
6899.404548 767.969871
7413.067309 6664.707589
3576.746226 7404.401366
5779.733479 1445.192784
3216.148323 6965.784140
532.279760 5328.105393
7295.962734 574.411820
3373.123004 827.468029
7700.268662 5597.503756
5206.304488 2161.499994
3536.002288 6821.230653
8209.439185 5012.499115
2826.035704 5280.724231
2994.128448 2953.413032
3794.638842 6244.612809
5364.725075 694.043385
7012.582685 2777.792380
7358.750974 589.328907
182.193741 3138.484453
2034.521691 3398.342064
104.268589 2566.801450
8726.447462 7400.231328
3141.213270 2099.570461
8227.699356 841.481928
7697.074217 3434.003840
3002.981922 1233.076500
255.234488 1212.421102
6245.575615 3081.270197
6493.145333 9239.704064
6034.683229 287.784170
5484.316873 1399.408305
981.827556 2496.899554
4177.200684 8340.578530
3086.228461 4359.394430
1479.062979 5120.750151
7757.736495 1583.331573
7687.551602 6484.183952
8983.562900 828.764867
8583.754417 7211.262252
1670.246796 6280.828629
645.266087 4673.228718
7513.905134 900.500575
5885.649820 3759.480744
3981.770772 2378.795148
2999.184808 16.454002
2666.579319 8483.501681
1415.862307 3648.406874
980.401231 5593.062991
1988.985400 4066.629691
9952.457421 3468.048383
9187.379842 7710.193916
5051.379956 6874.931439
4194.377863 4034.942851
7703.696307 2778.132275
1246.205099 9373.943102
9058.960909 1891.471186
4047.171815 6572.866038
2791.971761 9932.821635
332.346778 6773.742538
2311.616779 3331.531586
6790.196540 4978.196097
1815.033263 8206.058847
8626.602971 2795.434493
3799.121833 615.588366
6862.064184 3751.579255
4083.636750 6049.444022
1461.773166 9135.016705
2924.375456 5656.151029
3169.959552 628.071758
8434.283309 4416.164651
2.014856 7493.244213
6307.635836 4049.186671
4066.110246 9099.607602
3982.008302 4398.457024
5873.350136 6293.625080
7729.988614 2663.546671
1271.821173 9545.021876
869.605514 9898.424144
2340.456369 4668.727347
514.012510 9202.520554
8420.306602 4597.649260
5251.964575 9882.079768
3732.665965 8176.340032
5538.230797 6902.625517
8804.411794 3972.514101
1318.790168 8806.426650
1465.758309 7626.426005
2855.613321 5531.868555
6726.033602 6837.621623
9930.325579 2599.383734
3131.246703 7660.314188
5262.930405 4403.067876
7205.336065 6132.535919
4301.492020 9545.792434
801.263266 4815.504530
8748.312983 9221.569867
9413.153790 4000.277554
9103.649635 3145.819750
2176.617585 4641.880428
48.445268 981.029375
8614.394529 1367.235436
9787.456025 80.152834
8993.661440 2643.069342
5612.021389 5719.695043
9480.690970 5542.346963
8319.078776 2611.937668
3202.661152 3582.009181
7015.005544 407.997212
9714.545100 1316.497559
9953.789646 515.808361
6132.002089 8702.102624
9737.378233 5545.155879
2702.380178 8841.027864
8690.975629 4878.997763
3482.908287 8739.420897
5860.027138 2097.302811
106.656328 5647.483159
2177.455645 9100.317773
8290.552505 7789.477034
4820.012811 7771.243471
3331.823993 3139.091583
383.181134 6534.485145
6721.100764 7398.186679
6942.482356 6435.645864
8714.684243 6896.271998
6951.454225 4846.686327
5598.374622 6688.832453
391.842202 8300.754800
5529.860312 9082.817835
3179.752558 9012.768599
7822.238727 9039.779696
1110.071405 7928.895060
4687.262850 3287.527050
7029.212828 2977.815351
1077.004080 1849.225635
749.058817 4408.828078
4988.317217 1132.239951
943.313218 1709.417981
8530.426635 7885.795579
8145.063845 7245.110873
4782.067572 5096.518064
2091.797195 380.442189
1785.350517 2483.639402
8681.196989 7315.210829
1566.457232 1860.949542
6327.979428 9388.695960
900.729234 7438.050833
7317.591015 5587.992089
725.577884 4346.803839
8565.807440 1802.581964
6196.029473 9314.866261
6211.410042 1184.346690
447.106208 7154.723265
2893.764671 8977.532843
5040.518839 1038.828511
6222.643711 9822.586412
6135.346576 8314.440911
203.028601 7920.697093
798.080308 8884.225590
5235.907922 2364.537540
745.175132 1563.887345
1753.233495 1645.904366
9001.938179 9070.824515
7233.896454 9727.516062
3417.628349 5799.703894
1530.098026 9613.657826
5114.570151 7741.508068
798.004512 5561.676359
4896.231329 3691.769183
4539.209201 9936.750168
4730.597695 761.852907
9759.336579 865.944266
9076.293818 9962.365180
8786.641363 9874.374126
8846.590765 4022.549281
2238.911661 9591.765897
5586.436626 3992.145161
1237.670263 4588.374800
3062.969671 8471.566717
4315.890863 6480.598020
4271.270607 5845.988889
6094.255841 9385.840757
3587.496953 6892.260353
4947.517116 8483.728286
584.029532 9486.726317
8420.478449 5314.627227
248.579220 8179.815024
6180.571498 9324.873043
8142.180200 4967.212856
9199.247164 6988.770965
8989.762137 1438.158826
6580.536858 4576.198759
5430.303987 7818.207120
9164.573559 8493.273658
6289.773838 3480.464417
4973.871673 561.044440
9326.453306 1068.127514
9946.885202 2913.950259
7960.387868 4894.402313
1397.678541 8544.417405
4381.128626 9818.156990
3859.044627 4629.707846
7997.972014 39.616120
3954.580884 6140.152210
5006.828976 3153.828049
3128.923170 3996.591109
4591.986874 9709.460032
8572.789868 22.290857
7527.667148 7737.363427
8515.564515 3817.440981
1217.827839 3489.436183
4378.485426 544.281146
4557.563697 4325.370623
3458.231405 2517.951565
9219.772936 4855.909946
1062.368965 3600.901558
4674.066931 4921.413592
8230.609404 2672.038941
4961.029717 2185.190288
8812.191155 9967.858694
5339.018337 1941.114320
3964.449802 9931.005212
1650.574348 2537.239665
9953.296068 9178.241500
274.603088 8468.860578
2995.682477 1492.430932
1958.296756 7374.167902
2036.712077 6515.860458
1699.538520 5494.943483
9033.812023 919.311452
350.853424 96.180984
4520.213010 5024.920355
5017.594576 2750.822414
7696.959301 9978.624294
4936.012702 6509.150451
9946.482987 275.031035
8450.264772 3910.932785
206.036242 100.839119
6448.172450 159.332305
9279.080620 6722.775543
8628.192883 2274.763092
8215.206474 586.489635
9648.930998 251.918547
7102.350093 1348.469514
5746.862030 6136.162112
2267.780971 6097.715453
6232.343095 6787.993981
1122.635804 1249.937672
9538.816395 8819.595104
1228.561961 4474.829093
5328.745551 1175.044943
4749.860128 3779.010323
5085.977728 4955.896370
3879.849442 1534.150178
5115.228675 3158.930057
8256.925721 3743.421554
5433.693149 6472.132190
4329.911193 5082.624143
6724.050737 1432.261281
6431.093661 2470.912762
7568.423398 8698.874632
8568.628215 3800.766488
5486.868609 9691.264019
5050.704160 5025.685004
8510.859124 6279.266126
9500.514096 3839.604670
7454.311069 4250.374224
7618.614993 2540.288797
9206.270594 1498.464430
4074.438975 4321.499269
4657.394488 2331.364691
8064.920822 91.087637
8803.496882 2394.832011
5173.711779 5527.547614
3827.093297 1604.805436
7998.460377 1395.516690
303.680063 6567.088587
5196.283178 5790.548677
6258.352602 246.987338
816.233675 4769.211721
6526.253464 316.747767
8608.816396 3980.564528
4567.121991 6227.431384
6520.853325 3773.392585
7725.895819 595.292296
8094.891854 2383.290302
2926.656987 6159.812671
2474.377939 1730.153864
8554.644686 7648.089723
7257.701479 2381.737978
9252.895158 5256.161851
3777.254668 9556.575226
1823.250433 8973.537846
5347.123898 8081.603040
9220.525184 6163.357574
2850.814756 5746.778644
6480.105341 1459.631148
9727.343176 1047.227332
7687.062536 6248.196497
4820.619917 5412.958351
6843.488797 2915.511766
7796.248653 9770.145784
9075.324437 270.626592
1500.299648 7629.969119
7918.716314 8758.001127
11.707093 7171.611468
4014.162977 3788.961761
6728.186690 5837.413411
2762.499607 2075.310583
3919.016446 1983.024786
8238.668157 6769.831207
7729.803434 4718.773498
8229.462355 7457.146606
5766.000830 5916.524886
3705.343098 586.620742
1329.483232 548.831891
3502.132508 9125.731890
318.977675 2577.456940
9396.358481 1819.277323
207.426059 7315.074791
577.278445 219.133152
4486.686254 4591.441422
4008.094917 1214.872944
428.854833 6770.594524
3290.183527 4347.871279
8753.619310 1528.851684
1117.702481 6483.422740
6247.625182 9347.164840
3940.569341 2013.626006
5263.689722 7645.912444
2600.246748 6593.172958
8194.744335 6102.379256
5718.904843 8513.722009
8679.836196 5115.263320
332.999327 8887.262255
2430.338106 910.277777
9106.395412 6917.024360
5501.719199 3114.490324
8131.897304 5930.574032
9885.084848 1422.080831
278.445310 8638.704153
2950.932515 1396.147791
5122.126893 9198.557697
743.312626 9062.696234
1212.183699 6007.002353
6708.608673 3812.430447
2600.175306 4903.353008
9914.809703 8319.080150
3417.075013 8594.645894
3434.343465 3750.074345
7481.908150 5864.681572
4660.352121 6588.303557
2781.705927 162.071316
9702.793881 913.603232
6092.645352 9587.878724
2335.684063 6371.090662
8226.582873 5286.616578
7767.238453 3348.709761
4485.174271 8510.551084
2411.405995 5697.357969
4517.553432 9120.014668
9509.788416 7117.728739
4023.367671 9424.598114
5436.808884 7440.442689
8019.244004 8871.152349
1190.517028 5501.152149
4735.833916 5850.869150
2089.455701 7517.539844
6012.940465 1792.249578
8431.143075 2105.585813
1380.128298 766.827134
8476.676475 9606.711175
6053.443712 6243.914927
2955.420931 538.617978
4754.466007 5366.826926
6235.975947 9272.019439
4486.841594 5745.764359
6389.748173 8510.209265
5170.362468 1826.557052
5950.651949 3189.606472
697.709397 7141.168978
8690.758622 5433.543313
2992.038123 780.214323
2951.083152 9004.978593
2572.463901 1382.226227
1110.564401 3952.592203
2149.053361 9587.240880
3559.303374 8202.497078
5831.155803 6514.724305
8741.115056 585.621805
1881.551231 4977.091004
9857.641244 6368.392825
722.855358 6247.389413
4878.602086 5893.217831
8073.946465 829.254035
9082.824303 8771.655862
7970.423013 7773.582920
4205.199170 962.461136
8553.797243 7156.282322
9967.439729 1126.261144
8538.508550 1078.004125
5078.853348 687.561911
665.245001 8638.156722
8890.058989 6496.400804
5152.881022 7631.174041
7082.022609 7034.432253
2608.265040 6939.663848
3402.825074 3331.120402
3187.053256 8281.427165
9224.338233 1260.999716
9110.681200 8307.162532
32.655573 7081.104208
6080.745447 4237.854743
8043.565344 4634.542691
1394.137066 8011.005068
5760.803835 9932.645615
9089.009198 839.657179
620.207521 9754.254199
9477.813900 9510.266511
6250.655002 4630.694918
7141.440551 3332.677606
1665.127171 9749.705591
272.341455 5067.952245
3080.825989 3459.394711
3349.379405 2305.164217
4720.394432 2460.060600
612.326744 4753.050005
9541.164813 6693.072196
8990.904754 7584.730153
1327.614883 385.041814
5595.735221 7088.418718
317.687425 4684.744414
7928.075897 937.894951
4438.998608 7405.889792
448.161457 689.653606
2036.584705 7589.602008
4022.331216 3701.711876
7339.307599 4294.672671
8769.664126 420.133583
7754.067382 2119.043526
2725.297805 2474.461809
4579.104131 3337.624550
7227.511819 4120.268940
30.696741 6218.416568
1704.999088 1358.311624
6603.458382 7300.734309
8446.730342 6921.145807
1985.478719 6374.806234
7859.040759 6424.477332
3780.696021 8307.202220
7114.130937 5817.280731
5896.804224 1136.462149
9518.992607 3236.111818
5431.134820 8288.656728
3656.245407 3185.202201
407.700255 6381.543212
5659.664010 4986.804386
9719.167761 2887.175825
9107.073326 9749.864507
9105.592393 812.072410
1108.176127 5709.050771
8112.806724 9554.906473
2630.196578 98.285438
5929.712702 489.237332
6522.762769 9710.408728
8796.439552 3636.893706
5527.689455 4693.243776
4773.355855 5046.682057
7929.355594 204.490675
3335.338786 1585.600996
3389.692876 3743.039041
7967.144208 9049.356887
8729.843427 7686.311969
1936.532712 7836.916748
7436.176472 1042.125100
8648.989158 8544.352599
6751.175875 6761.795877
8099.259067 9381.372453
6860.081319 4028.971770
9870.609785 3382.844084
3739.380494 8667.049337
7019.737790 9267.069948
3360.293109 1793.093645
4313.752001 1289.648698
1997.584320 7649.090787
2875.249699 5387.277196
1392.129823 842.393903
4436.634078 121.973245
8528.705872 6373.166789
7958.889994 5964.882339
7415.291894 6607.879152
4509.234938 4166.467764
3369.675024 2608.494001
3547.840213 229.756339
6637.465771 3418.449994
3612.600427 376.846260
2085.499327 632.338212
9643.916208 5445.792435
2425.431857 3957.668209
6735.441138 4423.016177
1606.758992 9610.690838
9810.293373 2998.888820
453.084735 4246.927451
3120.862065 8981.790612
620.094235 1079.752059
4946.672947 8035.386129
7687.631211 9455.907885
2201.853889 1057.306231
2064.401886 5749.694102
1287.062574 8701.867656
9168.144101 4899.663001
9078.713920 1253.643423
5532.001213 8722.630124
6699.435863 7957.433075
2680.298329 3434.876997
2380.449247 4287.057325
3045.567830 2190.742619
7285.946145 3498.652565
6437.670070 406.808206
2480.443172 7057.764305
1486.560265 7427.116124
5093.150435 9174.191476
6883.024004 7295.004324
231.497707 8947.425889
3044.698426 1518.560281
7649.293545 2212.842522
6418.223282 6728.007461
3466.485945 1950.224490
5450.637581 165.921804
9907.657565 8130.935914
3600.798800 2288.106811
2417.993235 6646.366630
4478.849431 9703.939380
145.019195 916.519496
110.747581 2625.462367
7974.283801 1597.307851
52.578487 3067.434231
771.499323 6935.602495
362.438555 1002.997030
5883.028380 3407.136981
2521.557311 3532.321920
5619.979503 8939.780592
260.329377 9086.465449
890.005082 5710.966962
9252.387257 797.662642
3841.902872 2853.186053
3085.769454 6259.896106
9499.552687 7564.618884
5963.835482 9644.571883
8481.138380 6074.583063
2270.034245 6455.422182
7671.890914 2322.612737
9522.856413 8443.390242
9258.215231 9885.294968
9446.387272 5141.243606
3292.431945 1967.944583
8673.565531 8912.411448
907.725171 8933.894908
7998.876897 1797.730253
4644.861866 7251.264149
2595.392900 8486.764738
104.450197 5681.162353
4746.660839 9604.002884
3245.781238 710.496316
9248.574762 1726.919614
6785.079384 1518.609008
8182.341795 4456.970293
3841.221744 7705.198209
2900.360531 3099.436971
7590.493172 2346.747803
8240.680577 882.925117
4314.692386 6914.246104
9795.336565 5222.417556
5848.141013 7794.213457
7020.147814 493.002874
5045.477601 9615.540714
8979.767616 5149.927803
5296.703063 3726.428451
4753.930683 8542.484300
4436.924772 4002.505445
269.403914 1222.004151
5521.114453 8451.745710
5678.974444 9362.336197
6156.943914 8579.334979
2461.773163 3747.437086
926.082777 702.453736
4630.362203 5240.775163
7616.699844 4425.698763
463.192715 3464.840852
2219.912220 7483.340529
3957.843726 7265.389821
7098.881238 2937.611338
2415.317619 2395.584300
6664.039794 7169.248307
938.068596 1100.964561
1171.753747 1207.472510
2322.968711 6692.868200
9659.218225 8001.943155
6055.204392 5816.162134
6581.278130 8516.977554
9563.599219 7507.360907
9219.431290 4193.961417
2748.136065 6836.131130
8619.660185 3211.328785
300.971978 839.572400
694.669308 4258.815709
8104.962221 7793.550551
7196.427047 520.279841
189.134847 3860.466836
7689.528148 1127.203443
4961.431397 8861.281895
2334.675958 7284.400108
5554.150089 1993.894177
5286.343263 1609.354476
7810.056311 1867.621388
126.332026 7373.655530
9374.982300 9345.763316
1567.616943 2123.118361
6181.894446 187.277123
5334.447145 6482.866423
1026.849524 6029.116458
741.682127 9131.811750
3822.667004 7938.109179
9652.091591 4011.801851
1798.576010 7341.619733
5139.005294 6760.007412
6202.901623 7473.681251
4044.407515 1757.051708
9467.575429 9330.750778
3366.406184 7277.631740
1198.372166 3492.738210
4651.287265 573.354461
2838.501522 6218.904208
2696.472822 9020.395968
6406.181337 8030.919972
5503.262391 7433.030860
4060.036426 6244.944519
6564.842605 7882.703430
4183.053693 6216.934191
1894.505276 5981.629708
3558.553920 7033.510570
2741.637115 9761.455543
4507.191821 6786.044630
1518.507247 3974.767245
6116.795408 4884.913431
1252.398980 7315.167574
8377.651641 5903.686246
7888.522035 1216.153163
2122.590454 584.994853
236.549126 8528.771791
8615.914825 5739.811517
5961.802646 2675.951246
1984.756036 2526.645252
558.654671 6167.809729
8743.579443 2453.159947
2149.439432 2302.133363
9486.670522 4891.076547
2063.588901 3993.862338
1677.121176 3582.096153
7968.629584 7793.916584
8467.009584 9221.028569
5109.084153 6844.661225
5124.714810 2997.606184
8060.814388 7247.305264
3582.601037 8297.363514
5776.077051 2198.515861
4037.175031 1737.879697
4874.467107 6021.931067
4264.524949 5433.121782
2189.740791 3008.104387
7886.281730 4339.180228
5310.237750 7372.952247
9230.256774 7373.826656
1366.814580 907.377946
955.922804 9335.444169
8701.294530 9422.932388
8556.472733 3810.378678
6267.593608 3681.187538
6807.984862 4328.407992
928.492803 390.585899
2625.771506 6704.569853
2589.101760 6662.946537
8442.449550 7463.568867
2684.877600 2706.974495
2896.690645 4874.618391
5715.078886 782.972374
9213.798619 1025.316632
8155.924621 8444.055393
8399.143288 9522.739206
9351.433338 9355.066092
8858.183370 8052.727868
8777.998480 7414.656099
1863.106541 5045.592084
1095.843632 8671.091408
9374.000081 2024.336435
9061.677306 1999.771582
8728.906293 1650.779062
8662.718119 7171.355839
9114.347929 1347.595715
9878.330338 2011.038573
6222.214106 5593.409220
2794.010948 5436.012724
6618.725851 949.935564
3880.068112 5017.869140
472.674766 3231.501446
4372.935227 9330.858136
1284.229309 3150.933703
6745.514230 3147.335855
8196.525792 7841.357867
1818.427258 7570.525868
9865.694302 880.104560
9570.297450 8594.600590
2530.883622 8233.015564
5765.956429 1645.231546
9580.611279 5644.286762
3656.270119 5802.825380
1237.695977 6450.281067
1238.838100 7856.421828
7400.216636 5118.906212
2874.290963 7872.891402
8350.407662 7247.226195
7203.749538 9634.636971
398.159893 3949.263764
2781.972821 8594.685685
1790.621626 4600.400079
6165.211548 1656.315928
5480.504639 5735.508993
250.916514 8011.388261
3968.524553 6016.872942
9656.619811 3549.135827
1661.159700 3312.889926
9351.961212 2898.855676
9763.170998 590.799307
755.277505 7163.387629
5709.705523 3629.568468
5036.279026 4060.113180
876.794658 2240.028559
3694.750147 1274.954556
6189.292328 6476.722973
9869.640241 7979.913954
1077.123047 6034.851789
9636.229882 6557.627691
1770.360778 9887.146400
4569.015947 5738.885336
5904.019338 4225.635754
9288.021163 7565.179042
7538.525685 8639.982370
464.034714 7301.696677
9230.781681 1219.312219
4465.084302 4940.487200
4848.880691 9501.363327
9000.600380 5725.675349
1741.391887 2695.350522
7000.629905 7930.684214
9172.073495 6870.270146
5910.598163 249.196543
2905.121931 5546.828045
6806.824234 4675.482709
5433.974441 1375.840177
414.368040 1337.993774
5601.475935 9702.389208
8903.172817 3140.001615
8342.371573 9367.207535
441.698288 7573.153250
586.519749 4906.782589
2513.640445 5435.400440
4408.145912 1514.240821
1161.075789 6149.537799
4209.591348 8161.705694
4080.222009 3381.664838
5031.975836 9990.820177
3630.861381 7937.097767
5537.648218 437.685610
2612.580477 971.622654
1813.525791 3026.948517
2309.616428 7415.001726
2729.337720 1212.789245
555.003337 1071.709293
579.996775 996.701625
8644.862542 1166.516524
5903.484214 1158.502987
6601.916969 311.630122
2672.743808 7762.992758
6461.167925 6882.335156
5924.698448 541.389929
263.999994 956.674284
532.210102 3894.861375
8893.772051 6069.858319
4332.546990 1506.352523
7041.480973 6146.072781
4533.301045 9351.097406
3561.074503 7262.638764
563.886646 4116.077839
8334.348057 1143.883421
5112.779464 6979.210599
2310.399945 1016.263674
8137.713586 8912.316914
1327.893795 810.457389
6675.309668 7789.061720
7692.792550 2600.008115
8330.451654 7956.792544
3556.682399 8862.661756
1851.653914 2450.454446
4932.520075 6184.200903
3956.806974 1974.001043
2330.273680 8490.108018
1325.098444 5891.348182
5752.746777 1888.985090
7.426017 4087.094834
3032.868511 5120.205481
1066.305428 5343.268460
6136.469155 9204.019014
4255.585370 7464.362954
14.476399 930.895037
5253.424670 7707.268949
3530.903153 3583.876320
5664.061487 7087.585552
2446.538076 7515.715406
9538.039998 7379.058151
3699.916305 3494.846967
9353.059195 6030.189989
1984.954980 678.157639
1921.538167 7737.701762
2567.142729 1928.964188
1824.796592 5600.011244
7049.169669 2891.102020
943.279700 3185.638824
2095.121030 5198.865070
650.001774 2109.597429
6129.760107 5903.426444
9816.866382 9660.663260
9487.302769 5480.927865
6748.248808 1933.840840
2996.643266 6286.288805
9312.898991 6696.559576
9781.135772 8665.958181
2726.749560 1766.090752
9344.115820 4648.287727
9503.792515 1911.258549
6577.251915 1328.589102
7511.269794 3626.421585
4219.691122 8454.549493
6812.060409 6314.812152
3653.414558 7462.062183
8424.409581 9783.174670
3365.488622 8241.275958
9443.837926 2852.791386
3722.203823 6192.086733
4786.632226 6718.847089
2478.375534 4099.531213
3415.406660 2259.511301
2765.489394 6142.156220
4025.602054 2109.605210
790.443947 3529.394564
4020.863759 7367.695862
4857.983666 1532.133548
994.117442 9077.674788
9986.683042 7806.177851
5392.486935 3640.097600
5268.240029 3816.896516
3423.272266 8633.728655
2058.172469 2867.110187
1486.520037 5780.376292
9059.196920 6273.152268
2499.223381 1537.572449
372.683476 5914.630040
3797.083755 3138.172870
2056.786261 7822.685809
5247.778085 2847.230208
1352.080373 9268.641844
214.926065 6210.064039
800.775392 1209.043512
5287.738827 787.458429
9015.221362 680.225757
4427.556030 4283.461391
4497.122273 7850.828296
2917.190042 6555.294747
717.938482 4403.710079
2335.671034 9777.135402
676.862342 4834.894414
1314.707851 1049.545822
749.524455 5111.791606
4187.718692 2806.310716
2934.477410 9435.496777
5653.540923 4286.557783
8704.138621 5868.466988
496.621821 9504.914013
7077.510500 5784.360648
292.372438 6092.731862
6464.586405 4719.928473
376.193249 961.708678
2570.756763 3293.383291
7517.003425 3288.695246
7697.093369 9852.674459
3065.830648 8373.955716
4687.568873 4380.538498
9423.501538 5437.093328
9492.330104 3611.220226
8243.404044 2426.807509
3046.717003 3896.944962
6713.365296 1750.855619
9765.411951 7209.987118
1255.769628 6842.922450
2994.347761 1548.142066
2935.654308 9458.934166
6268.070539 3311.847557
420.642840 8838.827307
6605.230848 7937.646265
2127.522548 4302.324212
7790.320724 5193.353195
2676.279923 2477.889593
9573.891694 2099.781456
7914.982921 9066.221793
5711.001687 6158.386961
1493.029302 8757.718689
55.331918 8206.394598
508.574303 9820.743869
5416.381711 1764.343931
6663.666315 8410.729472
3312.485997 9599.320623
7869.663633 9580.556541
2911.168175 8290.306478
8419.383843 9516.399023
6227.952738 546.906386
3818.723235 4018.273458
5740.259586 6495.003158
6496.163051 5314.151275
8594.784620 4411.145968
4380.373067 4305.786302
569.532924 5873.402369
3063.504986 624.864842
4079.796962 3572.079290
445.608711 9496.178673
5336.423221 7109.275026
7906.908140 8648.909218
6708.595649 5776.571769
8229.465754 9619.763824
4066.878242 6648.849592
9136.162847 294.830981
7195.755982 2954.886077
4313.104439 2936.015564
9449.889236 809.267490
8250.166838 8044.673851
5220.413457 2630.539901
2350.460148 5789.946386
8503.942270 5413.965134
6414.811228 2583.739228
8986.044423 6860.419939
2079.917897 4322.467639
3969.694965 9986.826037
2971.376857 678.290609
5763.397806 1200.842606
298.054428 9830.276049
7849.692203 9434.217275
125.107025 5045.448181
2389.103348 4438.211468
7981.463744 1838.992583
5247.478958 6231.630578
9883.666434 467.892410
8862.170483 2234.126582
6257.838796 7366.112749
7648.091716 2672.650024
9949.851981 6634.136139
9533.069962 2029.769873
956.603773 3502.764922
2016.595910 3927.980631
4181.055531 7779.993717
5128.823242 4479.109964
7610.269761 2978.515440
3913.327234 7735.376790
8023.963621 6302.430586
2173.588254 6005.427361
8141.423170 7421.067212
2237.057934 8025.089599
7888.959622 1099.228412
259.216176 4146.798418
8465.341166 7907.307897
6819.448442 8415.193143
4541.444031 6352.518399
444.963011 5498.047804
9855.283326 2461.558921
9426.028440 4036.338853
241.552633 4554.851677
8515.448816 7851.822399
7533.367117 2428.776050
5587.199184 5557.330733
8731.206636 7760.787438
1562.758089 6872.629801
5181.854644 3799.816023
4897.719396 3070.814262
4899.044440 5156.935577
7217.612680 3364.385601
3064.243469 4037.061117
1779.578739 7605.687500
389.579516 2224.541750
3103.735299 244.862838
4686.100676 2529.763734
4281.201691 4927.653309
7084.615411 2796.650507
2779.475703 4617.982523
5225.426557 8366.674887
175.313251 3956.633189
6127.462320 1738.071340
829.262985 1309.316960
5537.887367 5726.982381
4380.131226 436.931802
883.917953 1597.743901
3801.317403 3948.161422
5634.805023 5580.896142
1553.848917 6024.384539
7805.437892 4657.584221
6269.247376 2491.538563
7187.347956 550.449062
7419.191877 4271.963366
3347.099569 198.667576
8889.945889 8572.526126
8565.342468 9065.259145
2529.159311 4692.804783
803.330480 3358.422296
6002.121747 6341.217848
9085.404682 382.252969
6778.149650 9969.322635
1979.996870 579.467048
3917.484057 7614.801893
6160.363190 5471.332974
3639.186427 3965.801082
128.917191 9908.433803
6457.339645 7316.265152
458.882866 3876.531517
1588.228513 3805.982435
4075.199097 478.174398
2378.508561 2640.541560
9543.433543 4907.667872
7333.346343 346.764024
8266.090172 3335.468086
6687.981871 7351.494849
3717.721055 3466.131521
7320.817480 5697.717930
4045.598569 1238.301532
3312.519818 205.961759
6709.634511 6951.706250
4171.762841 6838.551702
6860.140048 629.102481
4154.816849 7319.022914
4505.634003 5743.045363
1125.005349 8580.833100
6221.219765 3503.513911
1221.374656 5764.653304
8411.181783 8554.720999
6111.417327 6677.271950
1890.189085 2799.399198
4028.766795 5607.910140
6265.530720 1349.584275
1305.628066 311.129284
2587.885807 4618.147889
517.091044 9297.520318
1569.854134 4688.853884
6136.072020 8429.994182
5317.956370 290.888865
5749.017096 9823.590373
6033.934232 6874.022445
8404.423468 2255.153992
377.536351 9625.798124
8019.807296 8788.718134
8180.519118 4131.224623
5465.990084 70.708199
6930.623821 9494.756879
5678.618343 3196.154536
844.341149 6984.246409
3507.283821 3432.226960
1602.394293 4024.374869
2729.747273 3172.248426
8713.228753 8865.819293
1602.242608 4031.185118
9156.708163 7351.259704
3854.775486 5190.642390
4225.282145 2259.198950
7445.796382 4602.818496
1884.997069 5465.603674
3391.536625 65.516187
9596.828297 8857.526709
136.224385 6527.452113
8352.283588 5814.842729
9723.606650 9196.624737
2799.089138 3230.890470
2628.851692 4401.483431
7255.265339 5358.598971
7573.731862 5968.494087
4224.418259 9175.974470
9999.679211 3381.126417
6527.234170 3854.454692
8571.768808 752.516310
6113.653647 6017.565185
5355.334806 7998.650716
1483.168859 8746.871431
8064.166903 1079.997151
7604.398140 8200.391293
7607.449269 5956.681723
4015.234017 7331.055914
5153.306455 6814.323155
561.946379 7782.158152
1215.806585 7817.211718
3140.757118 8789.538447
3785.705806 7365.175377
7965.512913 3785.385012
746.301795 4492.747078
7639.839704 9318.070602
5245.263388 3753.493346
5335.635787 600.598189
1752.144062 6818.804646
9347.469620 9816.310964
7898.801797 6951.867755
8016.702252 5506.251061
2908.549473 2031.936269
2837.306975 8061.855933
8846.259424 3399.253354
5844.014080 62.066005
1216.465072 8984.771198
8851.604452 5002.170878
6349.946571 6817.117360
8787.555890 7096.248366
1309.864433 6427.395589
6414.318968 6555.127821
180.888935 1749.954751
7155.726011 1933.032997
8568.759397 6503.195631
1749.343957 6467.561189
3455.063381 9766.046214
1973.812250 6363.612859
1797.982478 4811.119225
4425.468787 644.241898
8210.372579 269.482862
706.307907 9426.837652
9254.254060 9557.912359
4429.008525 5604.200627
6375.029719 3216.564410
2700.448992 7684.894152
9643.960004 9114.767960
4240.021973 9824.848939
864.722706 1395.747979
1757.881931 9433.482103
7898.943610 3507.225888
5901.043287 1354.006990
3273.272097 7874.855538
7717.619849 5071.254575
2685.974758 2143.088631
5715.496478 896.347338
2412.571494 6421.804385
323.184985 1666.825550
5979.716739 4752.193515
7271.026176 2354.746453
7968.757925 9971.475168
39.640605 7612.717924
9086.243123 4279.662578
7437.566858 9950.965829
5675.410556 9195.448788
9384.447927 3574.354166
2702.674676 5285.491215
4928.361156 5975.946773
3160.346748 2645.981001
1047.201348 5846.321511
4789.069632 6762.697826
6742.668849 7201.641126
3184.502205 7065.853834
8868.466676 9164.218944
1818.047344 6139.492847
1518.965397 9786.805273
6110.968015 1558.606001
7399.523192 5197.211134
5838.268579 4837.090049
5148.176963 1513.679131
4032.538833 4532.624886
5088.033297 6735.213509
9818.116100 16.394448
2711.160282 2978.462848
2662.375450 3758.361630
8824.784359 7451.445082
521.059451 5567.453204
4653.086203 3705.561656
2633.307033 3521.552874
2869.780596 4451.354381
9661.045726 4388.745993
4238.159649 5772.013737
5947.351994 1637.682836
969.224866 1785.620568
6474.772886 6117.401829
3299.299704 507.311719
650.026715 8387.333000
7242.525228 468.142810
8403.727453 9953.685510
3446.605659 1066.102898
3712.047135 2271.390014
8517.547985 4233.106586
7838.843217 3170.634184
7938.668243 472.150250
6692.187063 808.448838
4923.504631 6353.232784
5197.194831 9161.664280
2125.246516 1144.546825
799.347111 3094.471382
2930.167393 7274.120002
9211.873216 6229.467097
7781.431720 9861.899931
4616.800097 5023.956944
330.042737 3020.527546
4977.642454 3776.648400
4086.630444 8689.689589
6048.038414 2604.178424
2922.796175 3886.881631
5774.812613 861.464413
4359.031880 2466.999671
1669.913252 9282.536511
8820.232455 6867.108087
8444.200786 945.478967
8011.654912 9243.547897
4039.950349 941.822301
6517.667894 3251.823561
7171.289403 4299.099610
3113.723487 1788.089495
9323.056559 3443.766229
4808.617041 4300.699008
7220.414629 8895.247485
2990.388592 3268.453038
1499.425909 5913.184768
7155.334669 7274.238522
6774.649185 1514.366545
9741.238193 8444.562437
796.903051 8561.470643
5311.670520 9241.103837
9506.949610 3323.325428
8484.651734 3546.899955
4265.147734 5002.319624
6798.723520 1436.437132
9301.419239 9912.447007
3224.526627 8624.475793
3356.213231 8033.143668
2925.174796 576.627855
6928.391148 5915.563389
3845.080898 8427.817057
1828.748156 1000.415562
5702.055574 8603.397342
2514.782111 5443.293762
7047.959774 3311.685162
4004.764400 2359.630294
2552.788999 3511.714006
5682.955722 1037.440729
7058.613965 9948.103456
6039.760353 3857.337480
1384.540583 5341.179588
3769.784483 4609.067209
3965.655376 7125.997719
2642.210872 6890.830173
7702.625574 9570.602025
2806.393561 1547.706468
7998.419077 4635.141718
2548.122035 3700.474651
3238.539055 5062.904146
9143.768414 286.498824
8374.589308 3148.532814
2646.129119 927.378303
6660.246820 8329.084845
1964.819032 3718.860780
8277.188297 8004.579389
7576.198260 9661.728884
3345.758972 1345.982743
4270.796089 7311.414353
8471.980462 6913.006965
4202.244521 6174.606032
6483.608986 7008.638083
7722.312504 4482.028058
1643.779795 270.434534
8182.502709 4882.318850
5333.338680 7326.271123
5168.817679 3707.927984
474.803932 7814.946798
4635.306292 7135.050752
6144.031638 6600.125323
853.911532 4421.219935
4604.704708 8430.109792
4082.948814 7950.463685
9776.092535 8353.744903
5261.878034 8248.072992
5266.751864 9464.122555
4422.679024 1750.360845
6472.760638 2144.991524
6232.388907 8116.540433
2415.426058 4414.891612
2998.859283 7748.764738
1741.162730 8167.676962
1456.692718 2215.966662
5982.623755 6091.999009
9351.017419 2126.655393
2692.124333 204.928946
6547.875328 7296.829041
8635.038738 630.824138
5247.292721 8411.131272
8984.569041 509.170750
6659.204260 4251.320904
9973.293310 1081.883279
6001.681749 6446.053943
3226.874803 2234.070651
4562.594371 5642.300861
6648.962268 7561.453654
3391.065594 8390.124998
5729.130612 4847.758317
606.091661 1711.754367
939.757321 9957.109080
3838.409760 3631.881654
162.038021 386.285084
928.710695 8797.076758
1017.109221 6176.003416
7208.208026 1.678257
6685.174171 3867.412286
4252.999161 6658.467477
4949.295565 254.680910
3104.521415 8176.170372
2488.751562 7667.115786
3818.471229 9137.713830
5228.569440 7209.536828
7527.838828 957.700047
2057.295140 8133.930489
2669.454414 2997.052461
8091.039564 6507.864174
6628.934120 8253.077584
6894.149257 7557.644815
7050.154338 7911.258479
3733.648226 4258.362364
7912.936741 418.822393
8125.774650 2165.935897
7077.289870 3075.070210
2420.616808 181.811280
1251.240578 4909.368374
7848.927070 5069.711811
4047.082199 3077.496506
2279.248634 1574.921022
4035.196553 4336.543774
9708.851511 6704.650971
7333.596236 7799.891069
3212.515141 3962.530351
6052.968649 106.664398
1520.175162 3103.122987
8017.922876 5253.823393
7361.485352 5930.859612
5672.645786 5487.259997
8096.795514 2749.935655
8562.330207 517.412317
2931.746935 9813.570790
5426.780691 780.674001
4883.282597 9473.862895
3858.170506 7162.531231
1048.783912 7893.367064
1499.075001 757.635422
4598.018031 8832.671237
8557.526492 7810.533171
2795.201588 4610.495141
7917.197569 4315.376749
7713.618128 5935.120446
9569.200142 5075.103475
1865.980053 5241.845928
562.363467 9962.775568
7991.781583 9124.693675
480.187885 923.528513
8938.264460 5906.968576
1704.202519 3821.547052
5380.831466 5562.373025
984.078278 6429.615382
3455.740085 2483.153279
7187.250805 8053.758116
1315.824516 5744.777292
5864.291287 4111.026104
355.272428 3781.488852
8426.402853 8068.890557
9716.609297 7995.602995
3143.994027 1582.589350
3237.448918 3706.357495
1545.364913 1229.230497
2831.051169 2025.552798
2152.759010 1769.315625
7932.521379 3856.961529
5590.862681 3313.352840
9419.334558 6574.940959
9742.968222 2875.074638
9058.094243 6930.219022
928.832754 373.918754
2674.996314 6793.124041
4484.944858 3030.268742
574.612888 2911.347706
1099.159299 291.222185
906.950697 4243.153326
1873.811535 4144.399615
7949.510826 3419.176449
5373.630112 780.561990
5444.729252 7526.389126
2549.877615 3377.250625
1383.350650 8140.740296
6690.603465 802.685204
4715.681255 6433.571687
3677.759847 3773.775494
3363.790705 4606.592601
4147.694248 6038.787019
1399.716638 8632.639106
9069.055765 1974.329526
1543.986807 168.215060
2265.551711 2450.937509
4411.368386 4139.363246
6595.337124 2360.879207
7558.539700 1968.967236
3141.441198 3003.268946
9495.356362 5691.318817
6380.519572 878.707008
3832.059109 3071.123032
1681.392217 8547.740364
9504.694720 5359.152064
2321.515853 2868.485424
9965.744666 6469.210101
8907.272443 1365.461299
5101.849202 7976.328203
3339.790824 6645.836014
8144.543263 5605.342540
9096.773522 2555.911649
9744.705786 5692.110642
4916.790856 7303.245481
7661.077877 8058.232059
306.514423 7156.434235
3749.550871 6687.033994
8035.141247 7581.609980
9758.157031 9716.533464
6129.350344 9262.851746
5075.685524 8450.866197
2131.337166 5041.430185
4920.076297 1038.609609
6406.891484 21.925494
9014.937812 9746.682308
6667.761508 7159.481075
5352.024844 5764.535026
9715.392724 5096.730629
1456.645667 4632.183576
2399.976106 9117.723545
2690.415630 2706.490533
6274.157779 6439.966502
9393.524527 4309.299022
4021.576482 9151.681554
4025.832482 150.926821
8414.533301 9101.518006
8601.793018 545.870462
4142.948186 3521.869310
1584.480070 549.839665
3543.794809 599.417882
296.521969 211.556312
7758.898958 5648.546818
5976.091342 7474.291677
745.277442 7432.737009
2106.475249 3145.253548
6550.460549 4796.890884
5851.744081 2824.618324
1236.857381 5245.268608
7133.917346 5258.433863
4396.950158 1159.749823
5409.360684 2811.483453
261.267824 4011.153702
3357.353920 4404.216010
7533.023012 4941.833990
4954.055676 1076.817816
5541.251872 5250.577650
1288.374132 3300.150825
899.124463 7264.465474
774.442498 1644.401905
4697.202479 2880.917752
4789.655453 1247.663024
7677.808636 641.399534
4072.281352 8914.666017
5886.668142 1206.198694
4173.099880 283.618295
2365.948522 9582.460564
3095.101753 2627.216346
3593.614261 6452.455673
7031.432361 1126.637273
1394.289658 1985.488032
2203.455089 6935.541535
7236.065682 3491.829221
235.692356 8135.190144
756.294690 1010.134859
9779.592049 5453.497169
3891.052610 4569.247502
6701.160197 1568.861241
5210.647036 773.441545
483.527254 1097.315173
1979.640239 4656.627134
1380.933468 4345.588761
4239.087698 4476.035221
6972.805111 7832.701960
928.490889 4004.237467
8959.339233 2322.780552
5989.725499 1162.794321
9258.322087 3225.791181
4654.623542 9494.014443
1360.981321 5410.918237
504.149297 1140.573370
864.415402 4395.201907
5709.820872 7565.575599
5964.063148 920.467903
8339.017145 6447.590406
2017.783077 318.657383
1104.217535 3398.716544
4664.246144 5343.305234
7874.751770 1637.051251
3176.007193 8803.242659
5641.288718 2135.346421
1126.023206 1631.014217
3298.140742 384.345288
4856.805399 7952.764289
9878.359735 6217.786719
3363.682522 382.509027
7358.360089 4228.097924
4777.710938 3068.180956
1793.673524 741.774082
3988.648860 132.690664
7189.364488 6006.431936
451.348047 8293.582028
9405.148485 5115.594196
3636.887257 7279.900251
6752.645446 6812.894450
6083.142905 2393.934164
8948.240876 7209.166115
4024.948382 2246.381614
7593.511402 8881.753780
199.145898 7471.871133
5099.540495 3562.828420
7854.380164 2457.900584
7790.926349 2632.091098
5526.081540 9584.599873
3373.865179 9514.730405
9717.290536 563.229667
5521.162336 168.638583
8856.811695 4926.310817
5284.232779 2493.698947
2206.211063 2036.878221
9306.593402 8289.353972
4430.812385 8254.834273
5498.520083 8455.760767
501.215882 3092.031480
7337.514543 700.361785
563.902613 2437.055038
4263.190205 8418.282777
4894.955622 2054.116550
1050.373870 421.037157
1638.716418 4424.239050
9935.767562 1356.006954
4987.468717 5456.929899
1524.645538 3844.280408
383.240711 6808.878317
6337.979360 2589.451779
8845.756538 5644.572757
878.805747 3276.568923
3899.407025 6377.325829
1732.329685 4400.622907
9469.357310 9069.844232
5100.984692 33.259918
1506.899265 9364.174902
8451.542695 6401.854887
1418.291447 9501.916566
6822.892044 3057.007870
3926.155616 6758.659606
4413.014825 8913.624333
2215.589500 5937.660363
2757.904740 2598.830211
2746.538675 9095.884100
5188.281990 1592.295208
4740.456852 6067.087737
4868.864131 8639.863878
2444.413562 6601.193820
3040.486780 1913.770871
5671.038048 8141.471477
1947.030789 7177.937314
7505.646375 398.573484
3579.792196 8923.937822
9900.490050 402.684235
1980.945688 3826.645661
7161.343841 6393.960512
2740.269994 9376.933342
2331.620870 5498.174734
1975.763553 5078.159545
4594.058830 7164.045543
6670.454758 9334.515682
3231.133280 1539.318884
7974.379555 5675.546842
8140.512704 1014.866331
7589.317713 3811.550748
9156.337808 9536.348507
989.488056 6661.984179
9934.921991 4569.280252
5585.922001 9835.412037
4971.964492 7566.867688
3662.057698 2133.308329
3960.828201 6402.327691
1510.241670 6292.449071
1900.502421 3486.005223
1370.608616 6494.561251
650.050761 8041.063374
5829.076928 3881.184041
9580.382258 3803.456479
9556.730888 7720.894961
4818.322810 7146.048596
1532.445704 3974.660618
6682.397098 2521.933765
636.644792 6617.319084
7091.214018 6222.566793
6452.731121 2063.178505
3789.434481 114.788814
4196.486838 7750.262682
6517.116505 5706.728509
4042.711749 8417.618926
9192.733732 5413.320365
4912.180172 9842.784493
3454.383734 741.257095
3723.968535 3034.765992
4544.713574 3280.699418
755.660949 9363.036384
426.748009 2288.106653
3337.696997 7109.145111
4810.040418 3974.341794
3726.464190 1901.254436
196.908582 179.195306
3964.432941 3986.343063
293.984120 8160.919779
1736.605741 6811.100625
3867.648283 5779.317494
5228.719546 3060.382010
1192.637855 140.899713
2903.166503 4647.021594
882.156808 6627.135038
7681.787586 5426.870382
9907.834455 8437.448534
4789.906766 334.582459
725.555183 8127.603763
7443.727570 5535.595606
2101.945552 1170.191761
7436.850042 2298.854139
1349.387067 1401.282978
6285.197202 1643.371192
9562.202762 8021.802948
8454.471817 3429.851040
3801.120438 3683.191363
6490.233055 4993.758292
3824.091076 9393.399558
9640.779886 4706.247889
6020.534591 7322.567467
133.118266 5928.369041
5760.015997 4923.025032
6262.951501 6485.571184
3050.628795 3706.679071
2021.166786 5152.574347
4876.870832 9458.016827
7451.428486 6226.257899
859.299801 3736.625688
7869.629091 421.502558
1758.428631 6324.100907
3851.353602 5559.549069
7.292265 341.586652
553.307357 3831.383341
9734.986210 194.087243
8537.631230 5755.520796
7516.654710 8670.749501
1683.889833 3276.670707
3593.774528 7946.841334
9762.241891 6644.403323
1653.520400 1783.408672
1796.977670 6530.391232
1241.425495 9248.406156
2756.649131 2100.725296
2985.031839 626.278217
2522.227858 4743.460470
6950.379124 6373.581461
303.009534 6957.671389
6715.168113 856.316896
789.054730 6450.154319
1050.404138 9326.685960
2205.675110 8567.058848
7997.435456 3889.564943
1843.729551 1591.209984
1836.406273 1605.971438
8235.613307 3489.926678
3389.380110 32.590972
20.317906 4630.805605
9280.997133 2776.967037
6731.530906 2266.028967
3403.245259 9253.758764
7009.489442 353.624378
5627.340221 7312.498976
7311.295773 2342.508329
8168.815872 8100.350503
8792.662648 9219.220010
7427.036458 998.337754
7786.278859 5424.471915
4887.902697 9630.008410
7015.681899 6724.308970
1235.979847 5251.295201
214.235643 4625.359957
5283.886178 234.553553
9256.165567 4564.883306
3011.520590 5987.696469
6830.912273 6414.765849
5241.455229 3840.401710
6768.390232 868.795445
1152.900686 4079.686000
3211.303774 9321.716558
2180.036498 2003.966417
8540.936568 9607.072957
3002.304171 6327.215422
5031.544867 7890.206868
5957.223827 2047.226761
4614.515833 7193.203674
7298.521966 4828.751481
1818.563632 2582.408140
5063.305034 1074.729194
7147.291446 8074.825624
7062.425663 3978.203714
4489.591473 2303.880887
7818.605428 1257.981700
3172.676332 8971.506115
5337.667701 6383.980106
8293.222668 7517.704199
8387.946523 6834.159231
7124.777151 1390.250689
3161.374649 2156.322017
9280.457557 9118.598480
4203.548778 3894.973385
6311.802150 1502.070740
8723.724866 8130.365782
4084.478879 3787.029895
9205.094976 1231.770320
1861.855519 6267.520635
5209.974039 6351.446992
8571.401522 3028.579463
7609.428692 1744.077849
2000.085573 2947.096388
8128.057955 293.308236
464.800582 6516.004473
7127.467472 7589.577733
7906.255162 288.842116
9745.899751 7186.712714
9407.440596 3949.448529
1081.686100 5719.242746
5451.519268 9805.410965
3849.608523 9535.998152
3592.440860 3054.703499
767.768468 5454.296379
9322.224133 5977.742507
1805.743366 7893.625655
9006.321970 9415.172059
9637.703504 1006.407538
2362.268442 7765.761459
1299.715778 2827.069025
4281.765928 8427.183250
416.646754 2188.021090
8716.025366 162.546504
9374.733804 8123.465962
4111.995033 456.419899
3842.708703 9563.514301
261.830865 7692.317226
9099.512449 3854.271725
747.020720 9867.280922
9308.568104 69.244853
5845.023424 1114.311466
7962.870508 4851.345394
529.483520 7600.574008
5857.752932 2891.751962
5366.335462 7157.468711
5718.820987 9648.101395
5584.651956 6135.467741
1836.122480 4300.677322
6298.014245 1210.856280
2424.143279 410.009274
1667.276184 6266.851982
9973.523580 1929.107049
3959.169203 9073.036024
5783.378773 4706.189928
8940.316941 5091.946872
4775.434781 4785.340365
6206.258338 2738.305285
9636.685760 6735.741858
338.879288 5494.438687
9627.493820 5705.214755
2651.907398 5346.314802
5353.316146 8236.559354
1481.782539 7189.438626
2537.236671 7779.796788
8400.294906 4961.379950
8189.806062 67.571085
1228.231928 8163.329637
1996.678133 5187.401136
7236.365661 7780.056907
9893.591064 6176.682597
2872.003775 4669.025841
962.022958 9078.262113
7407.331126 598.708713
5814.003966 7746.210414
6093.147405 5441.497781
3451.425165 8745.054802
787.812579 8804.741310
6981.614151 2269.595122
5994.179931 9518.850827
49.391906 4394.474837
4480.230773 8239.197968
4462.045922 5708.462706
6402.527604 6458.724060
895.863837 3638.893260
4238.780962 789.454896
9815.575858 7110.784742
5458.480737 777.598815
6189.046850 2865.811858
1376.307528 2003.050815
612.022267 7469.454933
7444.548596 4063.447436
6214.509730 8232.361180
2868.188742 3196.123882
501.956297 8862.368678
2714.974705 551.348203
3256.843511 7195.205478
8790.546171 7718.889433
2903.668179 5193.073771
4177.613488 3799.532016
8831.967031 8416.394456
4588.986912 8647.542889
5527.179193 47.467644
9425.141704 1716.226037
2913.279502 801.449228
3719.276853 3525.301774
8270.904165 1163.825449
7588.749210 4485.413891
9396.186629 456.937948
7681.537772 9898.142926
9319.306626 396.512472
449.491125 2576.150132
7591.717955 9240.037296
295.039565 495.386129
4433.111066 4472.653053
4294.918149 3265.078093
2889.047504 8883.905061
1912.620977 8416.226696
8931.372710 1337.762676
132.452734 1844.652207
2139.211908 3851.729587
5369.953981 410.116068
5015.555036 2958.703187
4895.529959 4411.741660
3415.641139 2577.067731
4309.884582 2734.947760
2973.580203 4759.375707
5311.097896 565.298153
3999.413002 5606.137461
1060.684287 8432.524068
78.790509 5355.602435
1697.602156 2967.838018
4239.507492 3610.223138
1384.064709 3170.880197
4947.985813 1516.517443
5015.532409 7087.197722
5368.247035 385.486386
7497.313790 383.802066
3344.189577 2392.843749
4795.543731 6759.830716
4969.911480 9105.428312
9494.778476 7943.491683
3864.804019 4805.876368
8508.789841 7864.217021
412.013824 9569.474128
6296.741085 490.804338
4925.076559 7994.343242
3458.642356 9164.584050
1604.566375 4842.707065
2335.464248 6552.552193
6359.224513 7350.996657
3639.749910 1727.471543
7736.483043 1137.063699
2111.273609 1080.672616
3529.907448 6906.817340
7840.503332 8499.818928
6012.245652 7335.281809
6443.310606 9877.049671
2141.158172 4952.100443
7741.266688 2553.172001
4521.574566 4038.007769
3043.976339 9446.651125
2032.351006 6502.618695
8611.235176 3636.917385
1345.325756 946.699419
189.469573 7704.550269
8297.696076 3829.219483
9432.021812 6034.179114
4966.283182 1543.295421
7114.851734 8496.190630
8450.112761 4955.355062
6996.009553 4462.358409
2290.636866 3439.320160
4339.408076 4431.795042
8391.420603 2080.674759
6984.967043 2912.995169
6118.682528 28.943378
2359.646290 8151.033538
6531.562072 970.881461
1787.950919 7876.887828
1917.580879 1977.420492
5581.438097 215.276950
5806.639975 5013.459905
6249.456069 772.923157
6556.755326 3364.307798
9269.113787 5006.868087
8319.662860 6265.123340
9469.226496 610.299725
9704.443500 3808.634572
5042.094768 8095.864099
5889.309331 2027.061806
1008.859263 2007.991859
2056.005184 3368.505558
159.025393 8587.567256
4339.387018 1946.976311
6464.455080 6256.967902
3924.396804 2045.893172
6472.244852 9731.036778
7059.353081 2721.700916
503.959931 3616.108402
6086.008715 9773.073723
8622.976490 4405.671574
6038.197058 8092.202986
5015.971300 5742.640554
1900.837553 58.066063
3838.504648 7790.146883
2085.127869 4847.363916
9798.138742 4141.133052
8215.869473 9957.164135
2728.700304 2555.256487
1904.140442 9193.155383
8812.224389 5828.537245
1239.048555 5284.469242
5559.574024 8298.401636
8006.170158 6063.533954
1914.510034 4092.178873
5836.607672 537.486524
8497.850447 1874.804726
8629.689509 3513.821742
7617.445280 530.527057
3571.887805 1455.949927
8320.673941 5657.015674
6303.313843 8118.812683
9798.148726 4519.183312
8075.976813 2526.849025
7074.439799 9980.117260
1720.004404 5886.664188
5808.654500 2959.052959
1171.133426 1368.228519
1257.454591 9177.303584
7431.762478 3171.964629
3269.482452 3268.370146
3709.451153 1767.332895
5143.174876 2339.140657
5281.154637 2760.620151
2869.667715 8853.042442
4216.570078 1190.341651
4510.058111 519.883917
9309.154334 4308.206832
5039.067229 7385.131147
6835.055857 2113.507028
7365.248402 8555.060266
8000.171216 3173.902898
1514.113220 9171.304642
4542.131421 2771.567815
8348.608221 1973.893895
5943.532445 1618.090673
5242.264040 9652.983597
3385.423568 385.438912
1992.124250 8666.578209
3146.059068 4861.791965
7519.620646 7362.629146
6052.133616 2029.678757
7882.513068 5361.287950
6337.885589 2921.580292
2746.419093 3172.941447
5035.087320 111.667491
1728.001708 3035.258531
3285.570388 3242.114928
2206.563168 7827.701810
6013.682744 555.171389
9801.595705 1957.215183
2173.262063 5043.859745
1610.198776 5558.685630
5429.298657 3602.323026
4225.263835 8575.357724
8464.114991 1744.884482
5937.986870 4516.248607
3774.563239 3820.499933
9877.536558 112.448824
6742.080225 2623.955646
3285.390271 1777.167545
2735.623137 5013.391979
4812.426076 6021.193525
8255.506911 7018.989249
3848.895335 4269.189650
7574.160638 3650.491034
6226.404838 9747.422701
8694.350779 7836.603614
5306.108326 4123.649436
1438.926641 9531.372166
2699.007156 9903.041632
1276.256643 8636.994026
4419.290235 5050.819882
2457.493955 4296.826787
5163.268705 9199.574184
6920.782433 8448.658981
976.741724 9656.405570
3462.050955 5789.167800
5677.599095 1717.557861
2808.157044 9526.494429
5986.747516 382.317677
3176.985459 2213.152350
129.740373 1871.336238
49.755960 5435.848704
5994.985675 1488.682600
4967.220866 8693.992830
1391.724232 6243.477509
7330.986856 5811.014467
1294.297386 9788.480811
107.841254 6457.566091
8988.054990 7028.623688
4906.225067 9964.796714
6685.029257 8368.276026
5753.964514 2362.628347
85.833883 8562.121558
1889.122772 6072.581399
8944.439240 5066.108231
8285.733749 9074.179614
6937.444469 8335.489714
4510.028313 2932.430139
9824.172314 9477.249179
1626.422969 1215.896542
5720.726683 8957.409826
7026.911013 7015.024068
8745.890632 7134.752268
3472.590159 7733.945622
4163.375950 8378.815226
7698.742332 848.405203
6747.091248 3452.706841
3211.033551 6832.925136
2014.828400 5100.156323
2905.506530 959.267635
166.264554 1191.240280
33.447244 7103.709023
9526.729993 4543.475562
36.139162 9350.902303
4020.724736 1662.562132
566.798845 9741.451423
619.971953 7593.709858
6756.475487 9365.862584
4728.462121 229.065642
7099.808202 8891.838071
8607.880873 4798.550534
9740.243279 5354.972116
8251.257375 2951.276825
2187.897247 266.085770
8051.433153 5093.403782
1225.353405 8217.697706
6284.644062 1258.800654
5321.406725 5811.374050
5802.276216 5357.545887
5162.276349 9823.000953
7020.108019 5729.075193
9564.452371 7640.079971
3322.785047 6320.927859
7005.942556 8051.247167
6549.993500 4105.750753
6943.085239 5157.874369
8904.301286 6683.328513
512.846485 7155.558661
9634.605339 2700.743732
7421.644431 7686.038487
7794.147515 8646.997841
5903.736188 4078.791572
9905.798496 1225.142913
9890.165622 5708.074707
6582.688799 5052.441971
5531.075655 3602.796818
781.517160 5095.528027
1242.876785 4104.302211
1416.455880 8248.819340
2155.549374 7966.449381
2354.570093 9098.634612
3124.323750 1258.871374
5781.963121 3637.170235
8414.430035 5416.568460
6337.913967 5836.074467
3102.606942 4132.061482
4483.072303 9006.343134
8210.853053 4388.870795
231.486042 8101.018676
96.945497 6814.174842
3153.460642 5628.021153
416.971655 3934.977801
723.549174 1659.848444
8039.280012 2140.005055
9908.667784 194.829386
106.454436 2263.237872
9293.463998 3230.778185
3522.109251 5075.427119
6867.948420 1936.539282
491.995574 3205.862382
7772.613749 3594.602516
7337.923864 2255.686048
2600.945645 5548.776917
6644.556842 2832.431687
3649.795588 6741.502339
9646.606534 6803.256230
2369.523492 63.578184
738.234027 3093.072666
1723.426628 8777.514044
5233.077726 1632.094412
8972.343429 5339.532162
3895.332284 8265.807423
8570.310347 7417.441535
3341.234537 5438.258762
9353.980822 3833.230112
8644.121144 7126.594566
7427.832632 5982.045008
9382.280619 28.778273
1530.821920 6026.837456
2861.209965 5180.617508
2768.339795 2507.816494
1983.873733 5137.863287
2571.394678 2722.107760
8230.935954 4294.821310
1499.621799 3464.013675
5926.915722 471.965224
8803.545837 9822.248006
8737.772651 7373.856179
7239.689542 2079.007184
2812.114937 6593.670359
5912.237300 1456.236081
3720.264921 3340.069928
7438.281089 3102.545535
3368.848201 8969.103009
9129.382995 6230.058165
4149.720512 1897.722786
8737.874659 6133.594246
7035.586074 1309.269337
8855.702006 5266.522023
5604.090647 355.323805
8730.535702 1531.006364
827.289028 7534.081534
1353.254365 9565.061680
4907.937713 8592.943907
1644.068864 7720.052650
5186.614262 7556.306165
9176.288731 8906.879187
896.376088 6614.569815
2009.424717 4265.224288
5583.672819 1138.807708
495.282454 9733.393332
3036.530494 9233.157113
5866.987573 72.116563
542.426445 4722.689579
5338.638590 6146.517091
5078.013383 4069.174288
7677.523455 5905.302412
1603.255817 9030.777826
5470.364092 6511.193531
7623.721728 7114.432956
4231.246181 2810.335989
4670.739116 3407.534907
1717.215172 5567.115203
22.104722 3726.639889
9832.339492 5605.777542
4865.447602 327.621941
5339.170874 7901.978096
9560.779058 1206.158442
7974.094664 103.205498
5928.848021 3312.733249
6249.722595 1006.861399
7381.907537 3927.246045
6912.163816 8985.163355
2958.023866 2382.527903
5496.356886 581.745594
9496.960859 9727.603067
3392.081584 4167.699969
3135.137969 5109.296755
9734.815173 3157.242692
8835.936645 9567.154660
8763.020238 3701.384242
9894.776605 4102.191107
1603.362338 9455.555659
5308.349549 9577.457001
9558.761157 1237.197570
2890.190246 5808.483747
2244.058970 272.097779
9735.729797 9156.222785
9257.261133 2693.753658
1538.750684 4753.618014
3275.499252 1035.711538
4481.221076 6667.580836
5203.411507 7616.359050
1776.877587 4938.226675
773.601737 612.814231
4505.381335 9536.621975
4314.198473 4400.157935
3638.813078 5917.560810
3855.713589 8947.162632
5495.017807 3414.474741
184.360198 8385.208053
9222.958493 2428.419167
8657.305831 8958.688285
1584.641953 7914.566965
1652.441938 3123.392636
2668.184975 4927.941195
4159.104179 7149.406056
1595.522026 9362.515686
4765.765101 3372.399618
4300.742361 5539.366838
3985.213849 8806.123696
5075.988814 8299.412321
3206.281626 8714.801892
4216.973132 7061.995215
7661.964520 9711.990938
476.469952 7846.324718
8097.198991 9699.428445
274.743885 6754.504818
8658.116725 1859.385838
4669.071778 310.558663
4982.778474 7337.256757
5238.499858 9141.882653
4486.662808 6834.021884
8504.398339 9252.427909
206.421497 2805.140695
4791.794743 4191.635346
1611.264386 9867.783557
2491.047668 4817.546012
8582.585449 6708.020799
1879.541223 6244.549964
6420.011733 2356.011175
4090.874681 4517.210719
2055.439619 4365.618566
1271.715537 713.556339
6225.004404 5940.787315
1024.115002 1207.782874
3278.044068 6262.614860
349.665526 7764.706876
3096.636745 8854.063865
7017.134781 3303.058242
1659.204556 1808.929523
7494.693593 3270.468942
1676.713075 9985.741260
8088.014954 259.298519
6693.762055 9967.556177
6503.848488 3113.773783
2323.567347 594.723164
7630.984507 4379.006966
4960.341731 8902.700045
5092.563310 1185.346130
4843.487355 6116.678312
2393.129003 8121.531428
2379.293173 2742.794530
5886.238299 5475.929918
1596.858390 2903.373080
8778.988160 3256.062946
4712.302603 6273.681748
6526.531887 6389.015678
6259.423004 4614.546837
6648.314203 2953.185054
4582.103009 3152.162686
6066.958842 6905.670360
3746.885850 3697.943345
1284.677322 8707.227581
2600.643385 6377.240632
9892.573710 7444.130740
2493.918944 2285.702709
5565.662163 4873.212117
5028.497244 1451.900462
349.142030 6625.355634
4355.273542 9128.130190
9881.418585 9067.576145
5401.811938 6407.950468
5456.591819 1661.234937
1022.497304 2104.906017
4614.419995 5604.600313
5257.068703 681.378832
2510.270668 9003.954553
4379.322177 3794.947995
7711.182129 6979.965562
172.188622 7603.755834
4424.096297 2666.107566
9889.458548 9989.758465
7539.319684 4917.955787
1441.658922 7888.461714
1543.311417 5796.932464
7016.591903 1424.729997
4864.508605 2418.403836
7832.680469 321.100420
4079.638773 8855.177774
2426.006441 8694.058768
4459.778082 7683.075144
9375.437600 6970.048755
6687.029696 3754.759773
764.996745 4398.211820
734.725329 937.185367
2001.967655 5158.821631
3603.292938 1891.426198
5148.580091 1142.612617
6809.381985 6590.239013
9031.074335 8352.693402
2387.171473 6047.666234
9777.423404 7251.680078
8466.070070 7610.103869
7572.780497 2545.708838
6465.281638 9998.786938
1239.767606 925.059715
7681.862082 615.205202
7895.108470 4368.891774
4369.964979 8660.105215
8767.103594 5104.690308
9597.290586 769.071244
263.511934 3200.583520
2660.497442 5412.092025
4343.196137 9469.879428
2002.331033 3374.270468
7822.572830 4389.502506
9421.936702 7599.996229
1641.182579 7888.006767
5210.100093 9213.963081
433.715605 1675.381726
9212.750014 1673.483211
2600.441441 6894.612092
2288.688413 495.549911
1263.503861 6658.653392
9155.655126 30.607455
1763.343700 8752.945708
799.678699 2026.855635
1953.529223 3460.176146
7438.947664 6296.725365
2930.055569 9441.278698
9670.995832 752.628395
3830.781204 9092.932534
8352.624624 5471.963783
6980.939297 3562.724713
4685.926859 7414.654902
5238.106439 3898.676873
9088.138113 7838.547885
793.288960 1376.826526
8334.097796 2056.792826
8035.479918 7489.752917
2087.400282 9798.823618
6242.698625 2887.078981
1825.679253 8196.227848
6347.255128 9264.626917
4492.953208 9277.310702
8705.905610 4163.949040
29.939092 2536.686809
3256.881569 8382.563721
8008.650596 237.820861
1945.288429 2694.577450
7652.475768 7183.394873
6593.254323 6740.613876
5021.942754 7386.543289
8117.440403 3356.040545
9443.336115 6152.920321
845.793458 1530.736392
5951.743934 7088.492083
4417.815373 7777.423187
5284.719931 765.070501
7042.050099 9777.673138
42.381198 5747.955710
3941.622173 72.320290
8284.642519 7198.503743
8454.884011 6293.293110
7436.324608 400.172440
8987.870565 5088.800371
7583.567313 5581.124884
1829.414243 2605.510062
2967.668168 9946.854650
5961.550607 2411.004278
6099.774966 6807.344065
3941.740670 2051.518896
3895.836148 8359.556048
9828.942087 9180.556079
9124.626549 6870.992182
8958.229213 9167.007748
2618.947887 2899.851386
9239.328038 903.590406
98.355124 7694.212048
7196.883516 7534.679732
8094.384488 6184.754076
2623.480099 5677.951796
1765.878960 4452.894346
8283.461858 4733.547128
4399.748991 4245.012460
7144.551411 499.523953
1052.356521 1086.292076
2551.042849 4948.192670
9445.848125 2379.984931
4128.748744 8570.474670
9250.977118 3086.977956
7737.482413 1869.925001
5986.829342 6976.810450
2773.515406 6085.184466
4671.022494 9970.398927
3619.864198 2765.406977
6155.152999 6243.344297
8443.358773 7921.031959
696.238638 6726.820626
2654.579087 5095.987630
971.833081 9799.130498
5595.511582 2024.189603
885.422570 8146.554436
6972.382277 331.270695
526.539362 1101.131016
8901.745364 9777.516480
4188.108972 6639.227777
1647.441481 174.938310
3616.038223 4420.956888
6260.122781 8287.060716
4391.355810 9879.986979
1052.467688 546.508809
6123.331271 9495.826461
8467.540768 6819.569914
6222.647082 1122.119851
1915.557539 7194.480164
921.250345 7511.069126
9218.669766 1806.672919
5657.623557 6191.052038
2137.943614 6184.162919
7292.183059 1039.688974
5961.679400 1480.292027
7678.916751 7609.120881
1655.230341 1294.954969
2030.077764 7915.353122
9582.015686 6421.433578
7795.340096 634.483369
6967.942387 3918.671363
130.309826 5435.483151
738.241272 6352.956908
6557.603007 2653.798816
3547.437067 7478.853351
164.867938 2766.106833
9285.526271 5822.491495
8957.158871 1423.469880
2006.654410 6249.341926
2463.158859 7968.333810
7729.633957 142.075606
5577.454686 9384.864298
1437.030580 7607.532454
7300.217416 1019.046261
4028.966028 5095.557508
1653.529635 996.908411
9014.228871 1783.839460
6432.391562 9752.470148
8136.796373 2989.994564
2406.268959 1684.233435
468.847915 2571.136897
4450.340268 9754.374185
8393.628392 3407.499140
1177.844066 400.282797
9656.841066 3641.002925
8368.616611 7386.475018
3783.078531 3946.071292
6771.339312 5220.109110
1553.603742 4071.556723
6239.155376 5582.569770
9167.114230 7892.685010
6579.478181 8181.343101
9676.524470 3011.869743
7933.813244 7813.320839
6001.864307 340.082199
9497.554279 6470.712221
2911.219095 3947.894542
6225.086407 1304.847482
7355.393682 7402.930473
1705.130279 7012.234748
1043.933393 73.746885
4398.709761 4827.011924
4019.818182 1170.049073
47.121034 5573.421924
5241.605796 6286.276410
1155.991694 4408.720026
4178.961415 7735.469876
2590.063122 3855.485881
747.339614 523.876362
1668.806719 6749.203925
863.958560 1166.360993
3219.916142 3775.177656
5114.255536 9445.002549
5080.025138 2469.649218
6847.933017 6785.155417
9481.883966 7891.866410
